,latitude,longitude,timeJ,t090C,T0,c0S/m,C0,prDM,p,sbeox0V,oxy0,dz/dtM,flECO-AFL,upoly0,sal00,sbox0Mm/Kg,depSM,flag,STATION,Year
0,58.33289,11.87168,39.358724,15.226,15.226,2.847648,2.847648,1.009,1.009,2.1382,2.1382,0.039,1.0204,0.984802,22.081,224.836,1.0,0.0,ST_1,2019
1,58.33294,11.8717,39.358961,15.1916,15.1916,2.83323,2.83323,1.514,1.514,2.1524,2.1524,0.325,1.0027,1.01813,21.9775,234.072,1.5,0.0,ST_1,2019
2,58.33294,11.8717,39.358962,15.1439,15.1439,2.803977,2.803977,2.019,2.019,2.159,2.159,0.331,1.0633,1.0315862,21.7535,229.745,2.0,0.0,ST_1,2019
3,58.33294,11.8717,39.358978,15.5512,15.5512,2.881293,2.881293,2.523,2.523,2.1532,2.1532,0.371,1.1464,0.9978566,22.1834,223.576,2.5,0.0,ST_1,2019
4,58.33294,11.8717,39.358992,15.6653,15.6653,2.942498,2.942498,3.028,3.028,2.1736,2.1736,0.398,0.9537,0.9475181,22.6392,227.864,3.0,0.0,ST_1,2019
5,58.33294,11.87171,39.359004,15.5462,15.5462,2.979377,2.979377,3.533,3.533,2.1909,2.1909,0.447,0.7903,0.9758288,23.0207,234.131,3.5,0.0,ST_1,2019
6,58.33294,11.87172,39.359016,15.698,15.698,3.018298,3.018298,4.038,4.038,2.1731,2.1731,0.506,0.7088,0.9758992,23.2626,224.69,4.0,0.0,ST_1,2019
7,58.33295,11.87172,39.359028,15.9605,15.9605,3.108152,3.108152,4.542,4.542,2.1407,2.1407,0.491,0.4724,1.0286746,23.8696,212.11,4.5,0.0,ST_1,2019
8,58.33296,11.87172,39.359041,15.9649,15.9649,3.179759,3.179759,5.047,5.047,2.1103,2.1103,0.46,0.2927,1.0939213,24.4744,207.516,5.0,0.0,ST_1,2019
9,58.33296,11.87172,39.359053,15.7888,15.7888,3.235069,3.235069,5.552,5.552,2.0338,2.0338,0.468,0.2817,0.9701173,25.0562,191.405,5.5,0.0,ST_1,2019
10,58.33296,11.87172,39.359064,15.5743,15.5743,3.267247,3.267247,6.056,6.056,1.9306,1.9306,0.511,0.2654,0.9054857,25.4688,168.183,6.0,0.0,ST_1,2019
11,58.33296,11.87172,39.359076,15.5245,15.5245,3.317211,3.317211,6.561,6.561,1.7961,1.7961,0.501,0.2469,0.8664435,25.9322,143.863,6.5,0.0,ST_1,2019
12,58.33296,11.87172,39.359089,15.2797,15.2797,3.335322,3.335322,7.066,7.066,1.6268,1.6268,0.462,0.2903,0.8808064,26.2512,115.387,7.0,0.0,ST_1,2019
13,58.33296,11.87174,39.359103,14.9386,14.9386,3.351874,3.351874,7.571,7.571,1.442,1.442,0.437,0.2535,0.8654735,26.6257,87.033,7.5,0.0,ST_1,2019
14,58.33296,11.87174,39.359117,14.7375,14.7375,3.358832,3.358832,8.075,8.075,1.2726,1.2726,0.414,0.233,0.8508683,26.8244,67.383,8.0,0.0,ST_1,2019
15,58.33296,11.87174,39.359131,14.5175,14.5175,3.375441,3.375441,8.58,8.58,1.1398,1.1398,0.408,0.2362,0.845382,27.1238,56.372,8.5,0.0,ST_1,2019
16,58.33297,11.87174,39.359142,14.3903,14.3903,3.387448,3.387448,9.085,9.085,1.061,1.061,0.465,0.2237,0.8557214,27.3198,51.143,9.0,0.0,ST_1,2019
17,58.33298,11.87174,39.359152,14.3039,14.3039,3.398498,3.398498,9.59,9.59,1.0065,1.0065,0.544,0.2102,0.8792348,27.4795,49.121,9.5,0.0,ST_1,2019
18,58.33298,11.87174,39.359162,14.2318,14.2318,3.41038,3.41038,10.094,10.094,0.9612,0.9612,0.583,0.2007,0.9012711,27.6372,46.421,10.0,0.0,ST_1,2019
19,58.33298,11.87174,39.359172,14.1175,14.1175,3.419763,3.419763,10.599,10.599,0.9253,0.9253,0.593,0.1892,0.9156988,27.8034,44.152,10.5,0.0,ST_1,2019
20,58.33298,11.87174,39.359183,13.8669,13.8669,3.421399,3.421399,11.103,11.103,0.8939,0.8939,0.557,0.1842,0.9345269,27.9994,43.031,11.0,0.0,ST_1,2019
21,58.33298,11.87176,39.359197,13.5711,13.5711,3.428938,3.428938,11.608,11.608,0.8656,0.8656,0.457,0.1759,0.927213,28.2846,42.225,11.5,0.0,ST_1,2019
22,58.33298,11.87176,39.359212,13.6002,13.6002,3.444582,3.444582,12.113,12.113,0.8379,0.8379,0.397,0.1916,0.928869,28.4059,39.604,12.0,0.0,ST_1,2019
23,58.33298,11.87176,39.359226,13.5383,13.5383,3.439578,3.439578,12.618,12.618,0.8177,0.8177,0.406,0.1583,0.9366116,28.4059,37.605,12.5,0.0,ST_1,2019
24,58.33298,11.87176,39.359238,13.6107,13.6107,3.448466,3.448466,13.122,13.122,0.8101,0.8101,0.453,0.1637,0.9157146,28.4333,38.725,13.0,0.0,ST_1,2019
25,58.33298,11.87176,39.35925,13.696,13.696,3.462111,3.462111,13.627,13.627,0.8038,0.8038,0.499,0.1824,0.9469763,28.4943,38.966,13.5,0.0,ST_1,2019
26,58.33298,11.87178,39.359262,13.7311,13.7311,3.508894,3.508894,14.132,14.132,0.7997,0.7997,0.501,0.1715,0.962521,28.8949,38.534,14.0,0.0,ST_1,2019
27,58.33298,11.87178,39.359275,13.0201,13.0201,3.527654,3.527654,14.637,14.637,0.801,0.801,0.457,0.1754,1.0405004,29.6142,40.349,14.5,0.0,ST_1,2019
28,58.33298,11.87178,39.359289,12.0826,12.0826,3.476434,3.476434,15.141,15.141,0.8131,0.8131,0.417,0.1834,1.1572576,29.8704,44.907,15.0,0.0,ST_1,2019
29,58.33297,11.87179,39.359303,11.6912,11.6912,3.445778,3.445778,15.646,15.646,0.8223,0.8223,0.406,0.2024,1.1614769,29.8904,47.937,15.5,0.0,ST_1,2019
30,58.33296,11.8718,39.359316,11.211,11.211,3.403987,3.403987,16.151,16.151,0.8112,0.8112,0.441,0.2182,1.1529375,29.8733,42.358,16.0,0.0,ST_1,2019
31,58.33296,11.8718,39.359327,9.6906,9.6906,3.289786,3.289786,16.656,16.656,0.7972,0.7972,0.506,0.2292,1.1256119,29.9915,38.529,16.5,0.0,ST_1,2019
32,58.33296,11.8718,39.359337,8.592,8.592,3.249981,3.249981,17.16,17.16,0.7817,0.7817,0.554,0.4268,1.1643674,30.5152,35.754,17.0,0.0,ST_1,2019
33,58.33296,11.8718,39.359347,8.3019,8.3019,3.255271,3.255271,17.665,17.665,0.7585,0.7585,0.566,0.8934,1.1821229,30.8218,30.747,17.5,0.0,ST_1,2019
34,58.33296,11.8718,39.359358,8.2678,8.2678,3.275473,3.275473,18.17,18.17,0.7236,0.7236,0.553,1.5818,1.2621566,31.0637,21.415,18.0,0.0,ST_1,2019
35,58.33296,11.87181,39.359371,8.1913,8.1913,3.306771,3.306771,18.674,18.674,0.6857,0.6857,0.493,2.3096,1.5555271,31.461,13.659,18.5,0.0,ST_1,2019
36,58.33296,11.87182,39.359387,8.1943,8.1943,3.322143,3.322143,19.179,19.179,0.6521,0.6521,0.388,2.8229,1.6377042,31.6203,12.088,19.0,0.0,ST_1,2019
37,58.33296,11.87182,39.359402,8.2078,8.2078,3.327308,3.327308,19.684,19.684,0.6294,0.6294,0.377,3.1378,1.7451393,31.6624,11.58,19.5,0.0,ST_1,2019
38,58.33296,11.87182,39.359414,8.2253,8.2253,3.332087,3.332087,20.188,20.188,0.6139,0.6139,0.435,3.2298,1.8327955,31.6968,10.694,20.0,0.0,ST_1,2019
39,58.33296,11.87182,39.359427,8.2571,8.2571,3.339874,3.339874,20.693,20.693,0.6007,0.6007,0.478,3.329,1.8697283,31.7499,9.495,20.5,0.0,ST_1,2019
40,58.33296,11.87182,39.359438,8.3063,8.3063,3.349511,3.349511,21.198,21.198,0.5898,0.5898,0.491,3.4585,1.9099986,31.8068,8.444,21.0,0.0,ST_1,2019
41,58.33296,11.87182,39.359451,8.3553,8.3553,3.357649,3.357649,21.703,21.703,0.5798,0.5798,0.471,3.565,2.0295889,31.8478,7.741,21.5,0.0,ST_1,2019
42,58.33296,11.87182,39.359466,8.4028,8.4028,3.365105,3.365105,22.208,22.208,0.571,0.571,0.421,3.4883,2.0410556,31.883,7.096,22.0,0.0,ST_1,2019
43,58.33296,11.87182,39.35948,8.4564,8.4564,3.373196,3.373196,22.712,22.712,0.5641,0.5641,0.409,3.4076,2.0222821,31.9192,6.624,22.5,0.0,ST_1,2019
44,58.33296,11.87184,39.359493,8.496,8.496,3.379056,3.379056,23.217,23.217,0.5591,0.5591,0.435,3.2365,1.9583775,31.9446,6.348,23.0,0.0,ST_1,2019
45,58.33296,11.87184,39.359504,8.5225,8.5225,3.382902,3.382902,23.722,23.722,0.5551,0.5551,0.478,3.1836,1.9852356,31.9608,6.019,23.5,0.0,ST_1,2019
46,58.33296,11.87184,39.359515,8.5432,8.5432,3.386005,3.386005,24.227,24.227,0.5516,0.5516,0.514,3.0193,1.9032982,31.9743,5.623,24.0,0.0,ST_1,2019
47,58.33296,11.87184,39.359527,8.5752,8.5752,3.390701,3.390701,24.731,24.731,0.549,0.549,0.529,2.7934,1.8142706,31.9943,5.47,24.5,0.0,ST_1,2019
48,58.33296,11.87186,39.359539,8.6034,8.6034,3.394812,3.394812,25.236,25.236,0.5466,0.5466,0.503,2.4077,1.6834556,32.0116,5.333,25.0,0.0,ST_1,2019
49,58.33296,11.87186,39.359551,8.6178,8.6178,3.397317,3.397317,25.741,25.741,0.5441,0.5441,0.471,2.1526,1.5932681,32.0245,5.092,25.5,0.0,ST_1,2019
50,58.33296,11.87186,39.359565,8.6434,8.6434,3.401227,3.401227,26.245,26.245,0.542,0.542,0.446,1.9828,1.5372777,32.0419,4.836,26.0,0.0,ST_1,2019
51,58.33296,11.87186,39.359577,8.6811,8.6811,3.406714,3.406714,26.75,26.75,0.5401,0.5401,0.453,1.7009,1.4834582,32.0649,4.661,26.5,0.0,ST_1,2019
52,58.33296,11.87186,39.359589,8.7121,8.7121,3.411432,3.411432,27.255,27.255,0.5389,0.5389,0.478,1.402,1.418166,32.0858,4.564,27.0,0.0,ST_1,2019
53,58.33296,11.87186,39.3596,8.7407,8.7407,3.416266,3.416266,27.76,27.76,0.5371,0.5371,0.513,1.1515,1.3852633,32.1101,4.283,27.5,0.0,ST_1,2019
54,58.33296,11.87186,39.359611,8.7735,8.7735,3.421746,3.421746,28.265,28.265,0.5361,0.5361,0.525,1.0111,1.4040237,32.1372,4.194,28.0,0.0,ST_1,2019
55,58.33296,11.87186,39.359623,8.7953,8.7953,3.425047,3.425047,28.769,28.769,0.5347,0.5347,0.503,0.8403,1.4030155,32.1517,3.995,28.5,0.0,ST_1,2019
56,58.33296,11.87186,39.359636,8.8172,8.8172,3.428755,3.428755,29.274,29.274,0.5338,0.5338,0.468,0.7534,1.4258487,32.1702,3.987,29.0,0.0,ST_1,2019
57,58.33296,11.87187,39.35965,8.8225,8.8225,3.430643,3.430643,29.779,29.779,0.533,0.533,0.436,0.6955,1.3506146,32.1849,3.949,29.5,0.0,ST_1,2019
58,58.33296,11.87188,39.359663,8.8314,8.8314,3.432413,3.432413,30.283,30.283,0.5322,0.5322,0.426,0.7262,1.2420206,32.195,3.811,30.0,0.0,ST_1,2019
59,58.33296,11.87188,39.359675,8.8381,8.8381,3.433808,3.433808,30.789,30.789,0.5313,0.5313,0.461,0.6955,1.2116058,32.2032,3.727,30.5,0.0,ST_1,2019
60,58.33296,11.87188,39.359687,8.8454,8.8454,3.4353,3.4353,31.293,31.293,0.5303,0.5303,0.497,0.7074,1.1926634,32.2119,3.505,31.0,0.0,ST_1,2019
61,58.33296,11.87188,39.359698,8.8604,8.8604,3.438118,3.438118,31.798,31.798,0.5298,0.5298,0.515,0.6961,1.171539,32.2273,3.427,31.5,0.0,ST_1,2019
62,58.33296,11.87188,39.35971,8.8723,8.8723,3.440508,3.440508,32.303,32.303,0.5295,0.5295,0.512,0.6438,1.1486683,32.2411,3.564,32.0,0.0,ST_1,2019
63,58.33296,11.87188,39.359723,8.8843,8.8843,3.442764,3.442764,32.807,32.807,0.5287,0.5287,0.461,0.6228,1.1001192,32.2535,3.382,32.5,0.0,ST_1,2019
64,58.33296,11.87188,39.35974,8.8924,8.8924,3.444756,3.444756,33.312,33.312,0.5284,0.5284,0.365,0.6151,1.0185987,32.2666,3.417,33.0,0.0,ST_1,2019
65,58.33296,11.87188,39.359759,8.8986,8.8986,3.445997,3.445997,33.817,33.817,0.5277,0.5277,0.309,0.5967,0.9608804,32.2736,3.285,33.5,0.0,ST_1,2019
66,58.33296,11.8719,39.359773,8.9028,8.9028,3.446943,3.446943,34.322,34.322,0.5274,0.5274,0.37,0.6121,0.9445053,32.2795,3.219,34.0,0.0,ST_1,2019
67,58.33296,11.8719,39.359784,8.9133,8.9133,3.4489,3.4489,34.827,34.827,0.5274,0.5274,0.482,0.6109,0.9313554,32.29,3.343,34.5,0.0,ST_1,2019
68,58.33296,11.8719,39.359796,8.9175,8.9175,3.450077,3.450077,35.331,35.331,0.5269,0.5269,0.503,0.5831,0.8901864,32.2982,3.234,35.0,0.0,ST_1,2019
69,58.33296,11.8719,39.359808,8.9198,8.9198,3.450665,3.450665,35.836,35.836,0.5266,0.5266,0.477,0.6032,0.8899915,32.302,3.099,35.5,0.0,ST_1,2019
70,58.33296,11.8719,39.359821,8.9218,8.9218,3.451202,3.451202,36.341,36.341,0.5265,0.5265,0.47,0.6106,0.9191115,32.3055,3.18,36.0,0.0,ST_1,2019
71,58.33296,11.8719,39.359834,8.922,8.922,3.451586,3.451586,36.846,36.846,0.526,0.526,0.453,0.5991,0.8815722,32.3091,3.023,36.5,0.0,ST_1,2019
72,58.33296,11.8719,39.359847,8.9234,8.9234,3.452015,3.452015,37.35,37.35,0.5259,0.5259,0.455,0.5981,0.873483,32.3121,3.109,37.0,0.0,ST_1,2019
73,58.33297,11.8719,39.359858,8.9268,8.9268,3.452674,3.452674,37.855,37.855,0.5255,0.5255,0.481,0.5899,0.8490812,32.3156,2.99,37.5,0.0,ST_1,2019
74,58.33298,11.8719,39.35987,8.9295,8.9295,3.453294,3.453294,38.36,38.36,0.525,0.525,0.506,0.6228,0.8463105,32.3194,2.902,38.0,0.0,ST_1,2019
75,58.33298,11.8719,39.359881,8.9314,8.9314,3.453872,3.453872,38.865,38.865,0.5249,0.5249,0.515,0.5998,0.864464,32.3234,2.906,38.5,0.0,ST_1,2019
76,58.33298,11.8719,39.359893,8.9327,8.9327,3.454404,3.454404,39.369,39.369,0.5249,0.5249,0.494,0.6119,0.836879,32.3275,2.991,39.0,0.0,ST_1,2019
77,58.33298,11.87191,39.359907,8.9337,8.9337,3.454795,3.454795,39.874,39.874,0.5249,0.5249,0.445,0.6183,0.8330428,32.3305,3.016,39.5,0.0,ST_1,2019
78,58.33298,11.87192,39.359926,8.9333,8.9333,3.455019,3.455019,40.379,40.379,0.5246,0.5246,0.329,0.6278,0.813932,32.3329,2.906,40.0,0.0,ST_1,2019
79,58.33298,11.87192,39.359946,8.931,8.931,3.455016,3.455016,40.884,40.884,0.5244,0.5244,0.278,0.6283,0.7924639,32.3347,2.904,40.5,0.0,ST_1,2019
80,58.33298,11.87192,39.359963,8.9292,8.9292,3.45503,3.45503,41.389,41.389,0.5241,0.5241,0.335,0.6368,0.7974418,32.3364,2.867,41.0,0.0,ST_1,2019
81,58.33298,11.87192,39.359979,8.9277,8.9277,3.455021,3.455021,41.894,41.894,0.5239,0.5239,0.362,0.6491,0.7933689,32.3374,2.761,41.5,0.0,ST_1,2019
82,58.33298,11.87192,39.359997,8.9249,8.9249,3.454933,3.454933,42.398,42.398,0.5238,0.5238,0.338,0.6443,0.8015255,32.3388,2.832,42.0,0.0,ST_1,2019
83,58.33298,11.87192,39.360016,8.9236,8.9236,3.454875,3.454875,42.903,42.903,0.5237,0.5237,0.302,0.6476,0.801008,32.3391,2.813,42.5,0.0,ST_1,2019
84,58.33298,11.87194,39.360035,8.9197,8.9197,3.454618,3.454618,43.408,43.408,0.5236,0.5236,0.317,0.6443,0.7870023,32.3398,2.799,43.0,0.0,ST_1,2019
85,58.33298,11.87194,39.360054,8.919,8.919,3.454617,3.454617,43.913,43.913,0.5234,0.5234,0.315,0.6604,0.7866906,32.3402,2.747,43.5,0.0,ST_1,2019
86,58.33298,11.87194,39.36008,8.9175,8.9175,3.454509,3.454509,44.418,44.418,0.5231,0.5231,0.187,0.6517,0.7949151,32.3402,2.659,44.0,0.0,ST_1,2019
87,58.32822,11.8559,39.386507,14.8777,14.8777,2.680972,2.680972,0.505,0.505,2.2594,2.2594,0.019,1.813,1.1043687,20.8487,244.749,0.5,0.0,ST_2,2019
88,58.32822,11.8559,39.386782,14.8835,14.8835,2.682786,2.682786,1.009,1.009,2.2676,2.2676,0.2,1.8597,1.1431808,20.861,246.099,1.0,0.0,ST_2,2019
89,58.32822,11.8559,39.386796,14.8856,14.8856,2.689394,2.689394,1.514,1.514,2.2666,2.2666,0.226,1.8206,1.1515001,20.9162,245.506,1.5,0.0,ST_2,2019
90,58.32822,11.8559,39.38682,14.8913,14.8913,2.70348,2.70348,2.019,2.019,2.2639,2.2639,0.251,1.7805,1.1475878,21.0334,244.618,2.0,0.0,ST_2,2019
91,58.32822,11.8559,39.386841,15.0266,15.0266,2.760816,2.760816,2.523,2.523,2.2595,2.2595,0.266,1.7267,1.1229941,21.4495,242.368,2.5,0.0,ST_2,2019
92,58.32822,11.8559,39.386861,15.3828,15.3828,2.896299,2.896299,3.028,3.028,2.2585,2.2585,0.301,1.4074,1.111646,22.4071,239.312,3.0,0.0,ST_2,2019
93,58.32822,11.8559,39.38688,15.5907,15.5907,2.972002,2.972002,3.533,3.533,2.2315,2.2315,0.31,1.1282,1.1125117,22.9319,230.791,3.5,0.0,ST_2,2019
94,58.32822,11.8559,39.3869,15.6835,15.6835,3.010718,3.010718,4.038,4.038,2.1678,2.1678,0.281,0.9288,1.0813178,23.207,216.154,4.0,0.0,ST_2,2019
95,58.32821,11.8559,39.386922,15.6877,15.6877,3.013647,3.013647,4.542,4.542,2.1031,2.1031,0.271,0.6729,1.0751428,23.2293,207.329,4.5,0.0,ST_2,2019
96,58.3282,11.8559,39.386945,15.6872,15.6872,3.016049,3.016049,5.047,5.047,2.0634,2.0634,0.255,0.6299,1.0589438,23.2498,205.627,5.0,0.0,ST_2,2019
97,58.3282,11.8559,39.386965,15.6813,15.6813,3.013084,3.013084,5.552,5.552,2.0446,2.0446,0.291,0.6275,1.0945412,23.228,205.082,5.5,0.0,ST_2,2019
98,58.32821,11.8559,39.386985,15.7972,15.7972,3.083247,3.083247,6.056,6.056,2.0397,2.0397,0.297,0.5243,1.1922423,23.7553,205.175,6.0,0.0,ST_2,2019
99,58.32822,11.8559,39.387007,15.9237,15.9237,3.160598,3.160598,6.561,6.561,1.9995,1.9995,0.258,0.3507,1.2592956,24.3363,194.762,6.5,0.0,ST_2,2019
100,58.32822,11.8559,39.38703,15.866,15.866,3.213278,3.213278,7.066,7.066,1.8785,1.8785,0.254,0.3304,1.0565427,24.8206,167.941,7.0,0.0,ST_2,2019
101,58.32822,11.8559,39.38705,15.8127,15.8127,3.241139,3.241139,7.571,7.571,1.7618,1.7618,0.298,0.2912,0.983358,25.092,151.148,7.5,0.0,ST_2,2019
102,58.32822,11.8559,39.387069,15.7196,15.7196,3.274163,3.274163,8.075,8.075,1.6475,1.6475,0.307,0.3001,0.9281797,25.4342,135.244,8.0,0.0,ST_2,2019
103,58.32822,11.8559,39.387088,15.3971,15.3971,3.318071,3.318071,8.58,8.58,1.5453,1.5453,0.301,0.289,0.8790154,26.0234,124.365,8.5,0.0,ST_2,2019
104,58.32821,11.8559,39.387108,15.1591,15.1591,3.338002,3.338002,9.085,9.085,1.4031,1.4031,0.299,0.3243,0.9167439,26.3545,100.475,9.0,0.0,ST_2,2019
105,58.32821,11.8559,39.387127,14.8503,14.8503,3.365172,3.365172,9.589,9.589,1.2341,1.2341,0.296,0.2483,1.121565,26.8022,73.024,9.5,0.0,ST_2,2019
106,58.32822,11.8559,39.387147,14.679,14.679,3.381068,3.381068,10.094,10.094,1.1117,1.1117,0.297,0.2347,1.3029383,27.0613,62.927,10.0,0.0,ST_2,2019
107,58.32822,11.8559,39.387167,14.1997,14.1997,3.429587,3.429587,10.599,10.599,1.0206,1.0206,0.3,0.2344,1.3380041,27.833,55.577,10.5,0.0,ST_2,2019
108,58.32822,11.8559,39.387187,13.9501,13.9501,3.442364,3.442364,11.103,11.103,0.9415,0.9415,0.289,0.2038,1.2132069,28.1287,47.512,11.0,0.0,ST_2,2019
109,58.32822,11.8559,39.387207,13.8671,13.8671,3.439321,3.439321,11.608,11.608,0.8758,0.8758,0.286,0.2068,1.0999217,28.1615,40.312,11.5,0.0,ST_2,2019
110,58.32822,11.8559,39.387228,13.8324,13.8324,3.437555,3.437555,12.113,12.113,0.8402,0.8402,0.288,0.2021,1.0552435,28.1707,40.047,12.0,0.0,ST_2,2019
111,58.32822,11.8559,39.387248,13.5819,13.5819,3.430263,3.430263,12.618,12.618,0.8233,0.8233,0.285,0.1972,1.0137136,28.2886,40.744,12.5,0.0,ST_2,2019
112,58.32822,11.8559,39.387268,13.453,13.453,3.45743,3.45743,13.122,13.122,0.8088,0.8088,0.286,0.1763,1.0500476,28.6329,39.355,13.0,0.0,ST_2,2019
113,58.32823,11.8559,39.387288,13.4219,13.4219,3.467837,3.467837,13.627,13.627,0.7961,0.7961,0.295,0.1493,1.0057902,28.7517,37.596,13.5,0.0,ST_2,2019
114,58.32824,11.8559,39.387308,13.2192,13.2192,3.467331,3.467331,14.132,14.132,0.7981,0.7981,0.291,0.1966,0.9992409,28.9002,40.376,14.0,0.0,ST_2,2019
115,58.32824,11.8559,39.387328,13.2737,13.2737,3.494493,3.494493,14.637,14.637,0.7966,0.7966,0.292,0.1758,1.0299438,29.1092,39.684,14.5,0.0,ST_2,2019
116,58.32824,11.8559,39.387348,13.6661,13.6661,3.568425,3.568425,15.141,15.141,0.7947,0.7947,0.299,0.1668,1.1732653,29.4886,38.75,15.0,0.0,ST_2,2019
117,58.32822,11.8559,39.387367,13.6466,13.6466,3.606291,3.606291,15.646,15.646,0.8126,0.8126,0.3,0.1523,1.2566268,29.8515,43.845,15.5,0.0,ST_2,2019
118,58.32822,11.8559,39.387388,12.4292,12.4292,3.514142,3.514142,16.151,16.151,0.8614,0.8614,0.288,0.2119,1.2751112,29.9513,56.854,16.0,0.0,ST_2,2019
119,58.32822,11.8559,39.387417,11.2478,11.2478,3.420003,3.420003,16.655,16.655,0.8468,0.8468,0.185,0.2334,1.224702,29.9992,44.851,16.5,0.0,ST_2,2019
120,58.32822,11.8559,39.387522,11.9565,11.9565,3.448368,3.448368,17.16,17.16,0.7228,0.7228,0.004,0.2672,1.1217564,29.7047,28.986,17.0,0.0,ST_2,2019
121,58.32241,11.82786,39.406654,14.765,14.765,2.750708,2.750708,0.505,0.505,2.2971,2.2971,-0.042,1.854,0.985353,21.5066,249.284,0.5,0.0,ST_3,2019
122,58.32243,11.82787,39.407139,14.7545,14.7545,2.749206,2.749206,1.009,1.009,2.283,2.283,0.201,1.723,0.9937717,21.5001,247.795,1.0,0.0,ST_3,2019
123,58.32244,11.82786,39.407149,14.7655,14.7655,2.753103,2.753103,1.514,1.514,2.2895,2.2895,0.234,1.7976,1.0081795,21.5273,249.104,1.5,0.0,ST_3,2019
124,58.32242,11.82786,39.407164,14.8916,14.8916,2.791856,2.791856,2.019,2.019,2.2911,2.2911,0.343,1.753,1.0098131,21.7902,247.853,2.0,0.0,ST_3,2019
125,58.32244,11.82786,39.407178,15.1778,15.1778,2.881703,2.881703,2.523,2.523,2.2927,2.2927,0.422,1.5827,0.994671,22.399,245.502,2.5,0.0,ST_3,2019
126,58.32244,11.82786,39.407191,15.1934,15.1934,2.888508,2.888508,3.028,3.028,2.2897,2.2897,0.411,1.1851,0.9829699,22.4484,244.465,3.0,0.0,ST_3,2019
127,58.32244,11.82786,39.407205,15.2255,15.2255,2.909687,2.909687,3.533,3.533,2.2776,2.2776,0.448,0.936,0.9118702,22.6112,240.594,3.5,0.0,ST_3,2019
128,58.32244,11.82785,39.407218,15.2697,15.2697,2.92958,2.92958,4.038,4.038,2.268,2.268,0.439,0.9422,0.8864907,22.7558,238.31,4.0,0.0,ST_3,2019
129,58.32244,11.82784,39.407232,15.2753,15.2753,2.932712,2.932712,4.542,4.542,2.262,2.262,0.42,0.8889,0.9184805,22.7793,238.682,4.5,0.0,ST_3,2019
130,58.32244,11.82784,39.407247,15.2694,15.2694,2.938499,2.938499,5.047,5.047,2.2459,2.2459,0.407,0.8664,0.9007041,22.832,234.977,5.0,0.0,ST_3,2019
131,58.32244,11.82784,39.407261,15.353,15.353,3.001938,3.001938,5.552,5.552,2.23,2.23,0.403,0.7668,0.996798,23.3261,231.255,5.5,0.0,ST_3,2019
132,58.32244,11.82784,39.407276,15.4832,15.4832,3.114164,3.114164,6.056,6.056,2.2069,2.2069,0.397,0.5737,1.4213991,24.2091,225.502,6.0,0.0,ST_3,2019
133,58.32244,11.82784,39.407291,15.6338,15.6338,3.25968,3.25968,6.561,6.561,2.1309,2.1309,0.394,0.3412,1.7225592,25.3652,205.874,6.5,0.0,ST_3,2019
134,58.32244,11.82784,39.407306,15.497,15.497,3.297311,3.297311,7.066,7.066,1.9212,1.9212,0.385,0.2651,1.7556788,25.7791,158.878,7.0,0.0,ST_3,2019
135,58.32244,11.82782,39.407322,15.0704,15.0704,3.369578,3.369578,7.57,7.57,1.6468,1.6468,0.369,0.3193,1.3526158,26.6932,104.793,7.5,0.0,ST_3,2019
136,58.32244,11.82782,39.407339,14.4777,14.4777,3.398883,3.398883,8.075,8.075,1.4046,1.4046,0.355,0.3306,1.1284829,27.3606,79.055,8.0,0.0,ST_3,2019
137,58.32244,11.82782,39.407355,14.0683,14.0683,3.412495,3.412495,8.58,8.58,1.1394,1.1394,0.35,0.28,1.0509299,27.774,38.725,8.5,0.0,ST_3,2019
138,58.32244,11.82782,39.407372,13.9528,13.9528,3.425073,3.425073,9.085,9.085,0.9384,0.9384,0.354,0.236,0.9762986,27.9708,18.674,9.0,0.0,ST_3,2019
139,58.32244,11.82782,39.407385,13.9371,13.9371,3.474399,3.474399,9.589,9.589,0.8544,0.8544,0.417,0.2364,1.0318319,28.4289,21.759,9.5,0.0,ST_3,2019
140,58.32244,11.82782,39.407399,14.0959,14.0959,3.539983,3.539983,10.094,10.094,0.7964,0.7964,0.422,0.1705,0.89894,28.9053,25.016,10.0,0.0,ST_3,2019
141,58.32244,11.82782,39.407411,14.1155,14.1155,3.562223,3.562223,10.599,10.599,0.7841,0.7841,0.449,0.1713,0.8672534,29.0917,30.464,10.5,0.0,ST_3,2019
142,58.32244,11.82781,39.407426,14.2715,14.2715,3.593199,3.593199,11.103,11.103,0.816,0.816,0.42,0.1649,0.8651465,29.2541,45.535,11.0,0.0,ST_3,2019
143,58.32244,11.8278,39.40744,14.5075,14.5075,3.640469,3.640469,11.608,11.608,0.8573,0.8573,0.398,0.15,0.9041547,29.5013,54.673,11.5,0.0,ST_3,2019
144,58.32244,11.8278,39.407453,14.6784,14.6784,3.694611,3.694611,12.113,12.113,0.8956,0.8956,0.44,0.1469,0.9610292,29.8573,60.093,12.0,0.0,ST_3,2019
145,58.32244,11.8278,39.407466,14.6743,14.6743,3.724525,3.724525,12.618,12.618,0.9314,0.9314,0.465,0.1469,0.9814821,30.1293,64.124,12.5,0.0,ST_3,2019
146,58.32244,11.8278,39.407478,14.2887,14.2887,3.710249,3.710249,13.122,13.122,0.9803,0.9803,0.455,0.146,0.9894976,30.3003,72.635,13.0,0.0,ST_3,2019
147,58.32244,11.8278,39.407492,14.4514,14.4514,3.755917,3.755917,13.627,13.627,1.037,1.037,0.443,0.1225,1.0211439,30.5857,82.231,13.5,0.0,ST_3,2019
148,58.32246,11.8278,39.407506,14.8755,14.8755,3.823563,3.823563,14.132,14.132,1.0736,1.0736,0.428,0.1225,1.0555773,30.8613,83.185,14.0,0.0,ST_3,2019
149,58.32246,11.8278,39.40752,14.8681,14.8681,3.825258,3.825258,14.637,14.637,1.1092,1.1092,0.414,0.1161,1.0527725,30.882,85.136,14.5,0.0,ST_3,2019
150,58.32246,11.8278,39.407533,14.2388,14.2388,3.758106,3.758106,15.141,15.141,1.1666,1.1666,0.421,0.1098,1.0680309,30.7738,98.394,15.0,0.0,ST_3,2019
151,58.32246,11.8278,39.407547,13.9035,13.9035,3.72919,3.72919,15.646,15.646,1.1941,1.1941,0.423,0.14,1.1494221,30.7773,100.744,15.5,0.0,ST_3,2019
152,58.32246,11.8278,39.407562,14.0931,14.0931,3.760051,3.760051,16.151,16.151,1.163,1.163,0.411,0.1348,1.2264705,30.9078,84.908,16.0,0.0,ST_3,2019
153,58.32246,11.8278,39.407576,14.2655,14.2655,3.791879,3.791879,16.655,16.655,1.1116,1.1116,0.406,0.1299,1.1558932,31.0598,69.958,16.5,0.0,ST_3,2019
154,58.32246,11.8278,39.407594,14.4584,14.4584,3.824396,3.824396,17.16,17.16,1.1133,1.1133,0.339,0.1336,1.0891702,31.2002,77.907,17.0,0.0,ST_3,2019
155,58.32246,11.8278,39.407612,14.5356,14.5356,3.842766,3.842766,17.665,17.665,1.1739,1.1739,0.316,0.1408,1.1183047,31.3045,96.512,17.5,0.0,ST_3,2019
156,58.32246,11.8278,39.40763,14.5353,14.5353,3.847815,3.847815,18.17,18.17,1.2187,1.2187,0.333,0.1275,1.1282224,31.3505,101.413,18.0,0.0,ST_3,2019
157,58.32246,11.8278,39.407648,14.5152,14.5152,3.848562,3.848562,18.674,18.674,1.2442,1.2442,0.307,0.1358,1.1888498,31.3733,100.464,18.5,0.0,ST_3,2019
158,58.32246,11.8278,39.407654,14.5181,14.5181,3.849604,3.849604,19.179,19.179,1.2484,1.2484,0.364,0.1347,1.2561326,31.3803,101.035,19.0,0.0,ST_3,2019
159,58.31195,11.77086,39.426209,14.719,14.719,2.764544,2.764544,1.009,1.009,2.3906,2.3906,0.055,1.533,0.8659083,21.6516,262.417,1.0,0.0,ST_4,2019
160,58.312,11.77094,39.426622,14.7205,14.7205,2.764821,2.764821,1.514,1.514,2.39,2.39,0.248,1.531,0.8975084,21.653,262.244,1.5,0.0,ST_4,2019
161,58.312,11.77094,39.42663,14.7246,14.7246,2.765634,2.765634,2.019,2.019,2.3902,2.3902,0.369,1.4707,0.9201327,21.6576,262.383,2.0,0.0,ST_4,2019
162,58.312,11.77094,39.426642,14.7401,14.7401,2.7687,2.7687,2.523,2.523,2.3902,2.3902,0.47,1.4438,0.9099962,21.6753,262.275,2.5,0.0,ST_4,2019
163,58.312,11.77095,39.426653,14.7798,14.7798,2.775856,2.775856,3.028,3.028,2.3915,2.3915,0.497,1.4691,0.9103205,21.7147,262.33,3.0,0.0,ST_4,2019
164,58.312,11.77096,39.426665,14.9345,14.9345,2.803414,2.803414,3.533,3.533,2.3919,2.3919,0.497,1.4059,0.9101328,21.8652,261.365,3.5,0.0,ST_4,2019
165,58.312,11.77096,39.426678,15.1442,15.1442,2.850027,2.850027,4.038,4.038,2.3941,2.3941,0.483,1.219,0.8902509,22.1469,259.998,4.0,0.0,ST_4,2019
166,58.312,11.77096,39.426691,15.1647,15.1647,2.871541,2.871541,4.542,4.542,2.3985,2.3985,0.451,0.9793,0.8545624,22.3192,260.905,4.5,0.0,ST_4,2019
167,58.312,11.77098,39.426703,15.2036,15.2036,2.90137,2.90137,5.047,5.047,2.3934,2.3934,0.451,0.9197,0.8715583,22.5522,258.567,5.0,0.0,ST_4,2019
168,58.312,11.77098,39.426714,15.2202,15.2202,2.937053,2.937053,5.552,5.552,2.3789,2.3789,0.507,0.8635,0.8922413,22.848,253.534,5.5,0.0,ST_4,2019
169,58.312,11.77098,39.426727,15.3742,15.3742,3.007864,3.007864,6.056,6.056,2.3549,2.3549,0.493,0.7301,1.0406123,23.3641,246.608,6.0,0.0,ST_4,2019
170,58.312,11.77098,39.426738,15.3065,15.3065,3.09817,3.09817,6.561,6.561,2.3156,2.3156,0.497,0.6003,1.0994338,24.1807,237.37,6.5,0.0,ST_4,2019
171,58.312,11.77098,39.426748,15.4121,15.4121,3.171777,3.171777,7.066,7.066,2.2429,2.2429,0.539,0.5244,1.0057762,24.7486,219.986,7.0,0.0,ST_4,2019
172,58.312,11.77098,39.426759,15.7677,15.7677,3.262191,3.262191,7.57,7.57,2.1224,2.1224,0.542,0.4677,1.1972595,25.3005,191.837,7.5,0.0,ST_4,2019
173,58.312,11.77098,39.426771,15.2567,15.2567,3.368478,3.368478,8.075,8.075,1.9519,1.9519,0.515,0.4219,1.4040529,26.5593,157.177,8.0,0.0,ST_4,2019
174,58.312,11.77098,39.426784,14.2669,14.2669,3.396626,3.396626,8.58,8.58,1.7238,1.7238,0.475,0.3561,1.0555615,27.4898,115.819,8.5,0.0,ST_4,2019
175,58.312,11.771,39.426796,13.7039,13.7039,3.398188,3.398188,9.084,9.084,1.4424,1.4424,0.469,0.2587,1.0137053,27.9079,64.717,9.0,0.0,ST_4,2019
176,58.312,11.771,39.426808,13.6384,13.6384,3.426683,3.426683,9.59,9.59,1.1666,1.1666,0.478,0.2099,0.9939066,28.2152,18.583,9.5,0.0,ST_4,2019
177,58.31202,11.771,39.426821,13.7667,13.7667,3.476263,3.476263,10.094,10.094,0.9854,0.9854,0.472,0.196,0.9602217,28.5716,9.986,10.0,0.0,ST_4,2019
178,58.31202,11.771,39.426833,13.9869,13.9869,3.537793,3.537793,10.599,10.599,0.9011,0.9011,0.467,0.1725,0.8978143,28.9669,24.282,10.5,0.0,ST_4,2019
179,58.31202,11.771,39.426845,14.0563,14.0563,3.569234,3.569234,11.103,11.103,0.8699,0.8699,0.477,0.1515,0.8563392,29.1999,35.271,11.0,0.0,ST_4,2019
180,58.31202,11.771,39.426855,14.0908,14.0908,3.586773,3.586773,11.608,11.608,0.8738,0.8738,0.534,0.1539,0.8816231,29.3328,45.753,11.5,0.0,ST_4,2019
181,58.31202,11.771,39.426867,14.0285,14.0285,3.604198,3.604198,12.113,12.113,0.8923,0.8923,0.523,0.1658,0.9032557,29.5386,55.017,12.0,0.0,ST_4,2019
182,58.31202,11.771,39.42688,14.1069,14.1069,3.639348,3.639348,12.618,12.618,0.9126,0.9126,0.475,0.1394,0.8959354,29.7977,59.23,12.5,0.0,ST_4,2019
183,58.31202,11.771,39.426893,14.2602,14.2602,3.677169,3.677169,13.122,13.122,0.9345,0.9345,0.456,0.1312,0.9194411,30.0222,61.655,13.0,0.0,ST_4,2019
184,58.31202,11.77101,39.426905,14.652,14.652,3.747192,3.747192,13.627,13.627,0.9675,0.9675,0.474,0.1435,0.9465396,30.3499,67.228,13.5,0.0,ST_4,2019
185,58.31202,11.77102,39.426917,14.9649,14.9649,3.81064,3.81064,14.132,14.132,1.0089,1.0089,0.488,0.1376,0.9758069,30.6747,74.36,14.0,0.0,ST_4,2019
186,58.31202,11.77102,39.426928,15.0249,15.0249,3.833347,3.833347,14.637,14.637,1.0646,1.0646,0.493,0.1147,1.0080894,30.8307,83.795,14.5,0.0,ST_4,2019
187,58.31202,11.77102,39.426939,15.1883,15.1883,3.868937,3.868937,15.141,15.141,1.1345,1.1345,0.517,0.1184,0.9751194,31.0196,96.709,15.0,0.0,ST_4,2019
188,58.31202,11.77102,39.42695,15.3879,15.3879,3.905389,3.905389,15.646,15.646,1.2012,1.2012,0.534,0.1224,1.0034418,31.1858,106.534,15.5,0.0,ST_4,2019
189,58.31202,11.77102,39.426961,15.5551,15.5551,3.936089,3.936089,16.151,16.151,1.2639,1.2639,0.532,0.1225,0.9895451,31.3256,112.781,16.0,0.0,ST_4,2019
190,58.31202,11.77102,39.426972,15.3851,15.3851,3.925402,3.925402,16.655,16.655,1.3229,1.3229,0.532,0.1291,0.9581147,31.3659,119.854,16.5,0.0,ST_4,2019
191,58.31204,11.77104,39.426984,15.1925,15.1925,3.911784,3.911784,17.16,17.16,1.3869,1.3869,0.519,0.1349,0.9582512,31.3982,128.684,17.0,0.0,ST_4,2019
192,58.31204,11.77104,39.426995,15.2988,15.2988,3.928594,3.928594,17.665,17.665,1.4302,1.4302,0.51,0.1228,0.9725841,31.4629,132.234,17.5,0.0,ST_4,2019
193,58.31204,11.77104,39.427007,15.4777,15.4777,3.955449,3.955449,18.17,18.17,1.4418,1.4418,0.503,0.1155,0.9924151,31.5585,126.292,18.0,0.0,ST_4,2019
194,58.31204,11.77104,39.427019,15.4632,15.4632,3.959018,3.959018,18.674,18.674,1.4465,1.4465,0.484,0.1289,1.004172,31.6018,121.855,18.5,0.0,ST_4,2019
195,58.31204,11.77106,39.427032,15.5165,15.5165,3.973204,3.973204,19.179,19.179,1.4709,1.4709,0.462,0.1264,0.9912653,31.6848,127.103,19.0,0.0,ST_4,2019
196,58.31204,11.77106,39.427044,15.743,15.743,4.007916,4.007916,19.684,19.684,1.493,1.493,0.472,0.1306,0.9863444,31.8101,131.151,19.5,0.0,ST_4,2019
197,58.31204,11.77106,39.427056,15.8946,15.8946,4.03086,4.03086,20.189,20.189,1.5111,1.5111,0.487,0.1256,0.9927517,31.8906,131.697,20.0,0.0,ST_4,2019
198,58.31204,11.77106,39.427068,15.9242,15.9242,4.04384,4.04384,20.693,20.693,1.5391,1.5391,0.495,0.1303,1.0084346,31.9811,135.998,20.5,0.0,ST_4,2019
199,58.31204,11.77106,39.427079,15.7757,15.7757,4.032026,4.032026,21.198,21.198,1.5733,1.5733,0.51,0.1332,1.0166865,31.9965,143.008,21.0,0.0,ST_4,2019
200,58.31204,11.77106,39.42709,15.4382,15.4382,3.99944,3.99944,21.703,21.703,1.5989,1.5989,0.532,0.1192,1.009445,31.9807,147.545,21.5,0.0,ST_4,2019
201,58.31206,11.77106,39.4271,15.179,15.179,3.972344,3.972344,22.208,22.208,1.6084,1.6084,0.543,0.1119,1.0087775,31.9493,146.882,22.0,0.0,ST_4,2019
202,58.31206,11.77106,39.427111,14.9201,14.9201,3.946695,3.946695,22.712,22.712,1.5955,1.5955,0.545,0.1156,1.0167828,31.93,141.102,22.5,0.0,ST_4,2019
203,58.31206,11.77108,39.427123,14.3125,14.3125,3.884946,3.884946,23.217,23.217,1.5682,1.5682,0.526,0.1167,1.0061634,31.8681,134.289,23.0,0.0,ST_4,2019
204,58.31206,11.77108,39.427135,14.0909,14.0909,3.869581,3.869581,23.722,23.722,1.5283,1.5283,0.489,0.124,0.9941033,31.9104,126.703,23.5,0.0,ST_4,2019
205,58.31206,11.77108,39.427147,13.6255,13.6255,3.82873,3.82873,24.227,24.227,1.478,1.478,0.481,0.1091,0.9860357,31.9197,118.083,24.0,0.0,ST_4,2019
206,58.31206,11.77108,39.427159,13.1193,13.1193,3.778986,3.778986,24.731,24.731,1.4292,1.4292,0.475,0.1164,0.9665908,31.8789,111.668,24.5,0.0,ST_4,2019
207,58.31206,11.77108,39.427172,12.1868,12.1868,3.688049,3.688049,25.236,25.236,1.3814,1.3814,0.466,0.1153,0.9582045,31.803,107.785,25.0,0.0,ST_4,2019
208,58.31206,11.77109,39.427185,11.0299,11.0299,3.582081,3.582081,25.741,25.741,1.3272,1.3272,0.457,0.1103,1.1691379,31.7645,101.685,25.5,0.0,ST_4,2019
209,58.31206,11.7711,39.427197,8.5856,8.5856,3.394897,3.394897,26.246,26.246,1.2631,1.2631,0.472,0.119,1.0512302,32.0296,92.5,26.0,0.0,ST_4,2019
210,58.31207,11.7711,39.427209,7.7874,7.7874,3.352772,3.352772,26.75,26.75,1.1807,1.1807,0.478,0.1132,0.9078611,32.3138,75.388,26.5,0.0,ST_4,2019
211,58.31208,11.7711,39.427222,7.6614,7.6614,3.352647,3.352647,27.255,27.255,1.0661,1.0661,0.471,0.1103,0.8919553,32.4294,49.157,27.0,0.0,ST_4,2019
212,58.31208,11.7711,39.427234,7.5279,7.5279,3.350521,3.350521,27.76,27.76,0.9384,0.9384,0.469,0.0995,0.9923766,32.5311,19.956,27.5,0.0,ST_4,2019
213,58.31208,11.7711,39.427246,7.3794,7.3794,3.347089,3.347089,28.265,28.265,0.8396,0.8396,0.485,0.1096,0.9669523,32.6334,8.087,28.0,0.0,ST_4,2019
214,58.31208,11.7711,39.427258,7.3228,7.3228,3.345576,3.345576,28.769,28.769,0.7669,0.7669,0.496,0.1098,0.8580302,32.6701,7.034,28.5,0.0,ST_4,2019
215,58.31208,11.7711,39.427269,7.2656,7.2656,3.344431,3.344431,29.274,29.274,0.7173,0.7173,0.498,0.0975,0.915768,32.7116,8.44,29.0,0.0,ST_4,2019
216,58.31208,11.7711,39.427281,7.2071,7.2071,3.344043,3.344043,29.779,29.779,0.6821,0.6821,0.499,0.0753,0.8593329,32.7625,10.799,29.5,0.0,ST_4,2019
217,58.31208,11.7711,39.427293,7.1738,7.1738,3.344349,3.344349,30.284,30.284,0.6547,0.6547,0.505,0.0819,0.9004404,32.7973,10.641,30.0,0.0,ST_4,2019
218,58.31208,11.77112,39.427304,7.1675,7.1675,3.344128,3.344128,30.788,30.788,0.6364,0.6364,0.517,0.0922,0.914034,32.8005,10.652,30.5,0.0,ST_4,2019
219,58.31208,11.77112,39.427315,7.1569,7.1569,3.343623,3.343623,31.293,31.293,0.6217,0.6217,0.513,0.0917,0.9312374,32.8049,11.239,31.0,0.0,ST_4,2019
220,58.3121,11.77112,39.427327,7.1384,7.1384,3.343953,3.343953,31.798,31.798,0.6087,0.6087,0.509,0.0928,0.9388572,32.8258,10.406,31.5,0.0,ST_4,2019
221,58.3121,11.77112,39.427338,7.1171,7.1171,3.344138,3.344138,32.303,32.303,0.5969,0.5969,0.514,0.1033,0.9503463,32.8479,9.006,32.0,0.0,ST_4,2019
222,58.3121,11.77112,39.427349,7.0816,7.0816,3.344106,3.344106,32.807,32.807,0.5888,0.5888,0.527,0.0869,0.9526983,32.8812,8.611,32.5,0.0,ST_4,2019
223,58.3121,11.77112,39.42736,7.0564,7.0564,3.345735,3.345735,33.312,33.312,0.581,0.581,0.544,0.0764,0.9414481,32.9227,8.397,33.0,0.0,ST_4,2019
224,58.3121,11.77113,39.42737,7.0244,7.0244,3.347757,3.347757,33.817,33.817,0.5734,0.5734,0.533,0.0926,0.9805618,32.9752,7.263,33.5,0.0,ST_4,2019
225,58.3121,11.77114,39.427382,7.0237,7.0237,3.347627,3.347627,34.322,34.322,0.5664,0.5664,0.53,0.0955,1.1250772,32.9742,6.362,34.0,0.0,ST_4,2019
226,58.3121,11.77115,39.427394,7.0218,7.0218,3.347609,3.347609,34.827,34.827,0.5609,0.5609,0.518,0.0779,1.1648343,32.9756,6.112,34.5,0.0,ST_4,2019
227,58.3121,11.77116,39.427409,7.017,7.017,3.348015,3.348015,35.331,35.331,0.5549,0.5549,0.384,0.0869,1.1915192,32.9844,5.81,35.0,0.0,ST_4,2019
228,58.3121,11.77116,39.427425,7.0114,7.0114,3.348404,3.348404,35.836,35.836,0.5503,0.5503,0.365,0.0791,1.0739037,32.9938,5.634,35.5,0.0,ST_4,2019
229,58.3121,11.77117,39.427442,7.0067,7.0067,3.34868,3.34868,36.341,36.341,0.5466,0.5466,0.349,0.0798,1.0914513,33.0011,5.344,36.0,0.0,ST_4,2019
230,58.3121,11.77118,39.427457,7.0049,7.0049,3.348655,3.348655,36.846,36.846,0.5437,0.5437,0.385,0.0859,1.1389865,33.0023,5.071,36.5,0.0,ST_4,2019
231,58.31212,11.77118,39.427471,7.0004,7.0004,3.349388,3.349388,37.35,37.35,0.5411,0.5411,0.405,0.0822,1.457574,33.0144,4.782,37.0,0.0,ST_4,2019
232,58.31212,11.77119,39.427487,6.9903,6.9903,3.350486,3.350486,37.856,37.856,0.5389,0.5389,0.383,0.0904,1.2730825,33.0358,4.561,37.5,0.0,ST_4,2019
233,58.31212,11.7712,39.427504,6.9911,6.9911,3.351234,3.351234,38.36,38.36,0.5369,0.5369,0.348,0.0954,1.5909064,33.0429,4.448,38.0,0.0,ST_4,2019
234,58.31212,11.7712,39.427521,6.988,6.988,3.351254,3.351254,38.864,38.864,0.5351,0.5351,0.335,0.0774,1.6561247,33.0459,4.182,38.5,0.0,ST_4,2019
235,58.31212,11.7712,39.427532,6.988,6.988,3.351229,3.351229,39.369,39.369,0.5343,0.5343,0.37,0.0713,1.5715529,33.0455,4.043,39.0,0.0,ST_4,2019
236,58.32631,11.84733,39.473285,14.9228,14.9228,2.689342,2.689342,1.009,1.009,2.2606,2.2606,0.025,2.028,1.1840139,20.896,244.738,1.0,0.0,ST_5,2019
237,58.3263,11.8473,39.4737,14.9395,14.9395,2.700279,2.700279,1.514,1.514,2.2687,2.2687,0.231,2.0639,1.208297,20.9803,246.485,1.5,0.0,ST_5,2019
238,58.3263,11.8473,39.473699,15.0355,15.0355,2.764767,2.764767,2.019,2.019,2.2713,2.2713,0.314,1.6445,1.2086874,21.4789,244.996,2.0,0.0,ST_5,2019
239,58.3263,11.8473,39.473716,15.066,15.066,2.788044,2.788044,2.523,2.523,2.2722,2.2722,0.351,1.5603,1.2373548,21.661,244.42,2.5,0.0,ST_5,2019
240,58.32631,11.8473,39.473732,15.0752,15.0752,2.7957,2.7957,3.028,3.028,2.2624,2.2624,0.354,1.6661,1.2060518,21.7212,241.445,3.0,0.0,ST_5,2019
241,58.32632,11.8473,39.473749,15.1487,15.1487,2.839739,2.839739,3.533,3.533,2.2545,2.2545,0.349,1.5522,1.228074,22.0564,239.144,3.5,0.0,ST_5,2019
242,58.32632,11.8473,39.473766,15.2218,15.2218,2.886041,2.886041,4.038,4.038,2.2489,2.2489,0.346,1.4742,1.1866779,22.4109,238.017,4.0,0.0,ST_5,2019
243,58.32632,11.8473,39.473784,15.2512,15.2512,2.902881,2.902881,4.542,4.542,2.2402,2.2402,0.329,1.3425,1.2076428,22.538,236.204,4.5,0.0,ST_5,2019
244,58.32632,11.8473,39.473802,15.3231,15.3231,2.937547,2.937547,5.047,5.047,2.2264,2.2264,0.327,0.9811,1.1438243,22.7926,232.766,5.0,0.0,ST_5,2019
245,58.32632,11.8473,39.47382,15.6952,15.6952,3.170776,3.170776,5.552,5.552,2.21,2.21,0.325,0.55,1.3636112,24.5641,225.619,5.5,0.0,ST_5,2019
246,58.32634,11.8473,39.473837,15.6904,15.6904,3.247646,3.247646,6.056,6.056,2.0867,2.0867,0.329,0.3087,1.6871049,25.2259,196.419,6.0,0.0,ST_5,2019
247,58.32634,11.84729,39.473855,15.5868,15.5868,3.280948,3.280948,6.561,6.561,1.8011,1.8011,0.324,0.2868,1.6557791,25.5787,129.956,6.5,0.0,ST_5,2019
248,58.32634,11.84728,39.473874,15.4164,15.4164,3.307662,3.307662,7.066,7.066,1.5631,1.5631,0.317,0.281,1.5045127,25.9205,103.702,7.0,0.0,ST_5,2019
249,58.32634,11.84728,39.473892,15.2627,15.2627,3.324885,3.324885,7.57,7.57,1.4046,1.4046,0.32,0.2618,1.4319544,26.1714,94.917,7.5,0.0,ST_5,2019
250,58.32632,11.8473,39.473911,15.1334,15.1334,3.338761,3.338761,8.075,8.075,1.2795,1.2795,0.312,0.2624,1.4890187,26.3792,84.208,8.0,0.0,ST_5,2019
251,58.32632,11.8473,39.47393,14.3299,14.3299,3.399113,3.399113,8.58,8.58,1.1827,1.1827,0.302,0.2566,1.3738798,27.4699,76.619,8.5,0.0,ST_5,2019
252,58.3263,11.8473,39.47395,14.0009,14.0009,3.424111,3.424111,9.085,9.085,1.066,1.066,0.296,0.2658,1.1090805,27.9273,59.384,9.0,0.0,ST_5,2019
253,58.3263,11.8473,39.47397,13.9026,13.9026,3.450098,3.450098,9.589,9.589,0.9032,0.9032,0.297,0.2247,1.0184629,28.234,29.061,9.5,0.0,ST_5,2019
254,58.3263,11.8473,39.47399,13.8616,13.8616,3.471991,3.471991,10.094,10.094,0.818,0.818,0.291,0.2081,1.0331762,28.4629,29.056,10.0,0.0,ST_5,2019
255,58.3263,11.8473,39.47401,14.0112,14.0112,3.534612,3.534612,10.599,10.599,0.7984,0.7984,0.296,0.1674,0.9709845,28.9194,35.898,10.5,0.0,ST_5,2019
256,58.3263,11.8473,39.474031,14.3435,14.3435,3.595025,3.595025,11.104,11.104,0.8188,0.8188,0.277,0.1467,0.9497705,29.2162,44.401,11.0,0.0,ST_5,2019
257,58.32632,11.8473,39.474052,14.6178,14.6178,3.660315,3.660315,11.608,11.608,0.8765,0.8765,0.275,0.1392,0.9475951,29.596,56.977,11.5,0.0,ST_5,2019
258,58.3263,11.8473,39.474064,14.5785,14.5785,3.679401,3.679401,12.113,12.113,0.9112,0.9112,0.295,0.1486,1.0045825,29.7973,61.911,12.0,0.0,ST_5,2019
259,58.34156,11.89877,39.486312,15.7974,15.7974,2.927023,2.927023,1.009,1.009,2.0884,2.0884,0.06,1.4375,1.1644872,22.4333,214.252,1.0,0.0,ST_6,2019
260,58.3416,11.89876,39.486623,15.89,15.89,2.978556,2.978556,1.514,1.514,2.0643,2.0643,0.239,1.3325,1.2072364,22.8156,210.553,1.5,0.0,ST_6,2019
261,58.3416,11.89876,39.486648,15.926,15.926,3.010008,3.010008,2.019,2.019,2.0596,2.0596,0.251,1.0623,1.1896563,23.0603,208.459,2.0,0.0,ST_6,2019
262,58.3416,11.89876,39.486666,15.9323,15.9323,3.029881,3.029881,2.523,2.523,2.0338,2.0338,0.317,1.0185,1.2009825,23.2244,201.881,2.5,0.0,ST_6,2019
263,58.3416,11.89876,39.486685,15.9284,15.9284,3.041379,3.041379,3.028,3.028,2.0058,2.0058,0.313,0.9916,1.1792037,23.3237,197.294,3.0,0.0,ST_6,2019
264,58.3416,11.89876,39.486701,15.9402,15.9402,3.040348,3.040348,3.533,3.533,1.974,1.974,0.345,0.9212,1.1778584,23.308,192.062,3.5,0.0,ST_6,2019
265,58.3416,11.89876,39.486718,15.9426,15.9426,3.054654,3.054654,4.037,4.037,1.9538,1.9538,0.352,0.793,1.1629935,23.4273,190.4,4.0,0.0,ST_6,2019
266,58.3416,11.89875,39.486735,15.9105,15.9105,3.077338,3.077338,4.542,4.542,1.936,1.936,0.331,0.794,1.1426732,23.6382,189.192,4.5,0.0,ST_6,2019
267,58.3416,11.89874,39.486753,15.9326,15.9326,3.082829,3.082829,5.047,5.047,1.9082,1.9082,0.324,0.6945,1.1711115,23.6716,183.812,5.0,0.0,ST_6,2019
268,58.3416,11.89874,39.486767,15.8831,15.8831,3.170926,3.170926,5.552,5.552,1.8837,1.8837,0.404,0.4691,1.1880362,24.4494,178.728,5.5,0.0,ST_6,2019
269,58.3416,11.89874,39.48678,15.8496,15.8496,3.174503,3.174503,6.056,6.056,1.8561,1.8561,0.433,0.3117,1.1385154,24.5003,175.69,6.0,0.0,ST_6,2019
270,58.3416,11.89874,39.486792,15.8339,15.8339,3.129948,3.129948,6.561,6.561,1.7831,1.7831,0.476,0.3524,1.077061,24.1304,159.24,6.5,0.0,ST_6,2019
271,58.3416,11.89874,39.486806,15.6391,15.6391,3.183252,3.183252,7.066,7.066,1.7102,1.7102,0.444,0.3688,1.0371797,24.7066,144.776,7.0,0.0,ST_6,2019
272,58.3416,11.89874,39.486819,15.3974,15.3974,3.263718,3.263718,7.57,7.57,1.6959,1.6959,0.416,0.3598,0.9938031,25.5524,153.112,7.5,0.0,ST_6,2019
273,58.3416,11.89872,39.486832,15.2668,15.2668,3.289836,3.289836,8.075,8.075,1.6434,1.6434,0.44,0.3112,0.9601262,25.8637,146.411,8.0,0.0,ST_6,2019
274,58.3416,11.89872,39.486845,15.1799,15.1799,3.299578,3.299578,8.58,8.58,1.5182,1.5182,0.458,0.2601,0.9745129,26.0056,113.743,8.5,0.0,ST_6,2019
275,58.3416,11.89872,39.486858,15.1164,15.1164,3.307124,3.307124,9.085,9.085,1.3942,1.3942,0.457,0.2329,0.971188,26.1134,90.736,9.0,0.0,ST_6,2019
276,58.3416,11.89872,39.486871,14.8681,14.8681,3.327883,3.327883,9.59,9.59,1.2956,1.2956,0.461,0.2238,1.1103718,26.4618,81.543,9.5,0.0,ST_6,2019
277,58.3416,11.89872,39.486884,14.7984,14.7984,3.3304,3.3304,10.094,10.094,1.2175,1.2175,0.449,0.2411,1.128882,26.5311,77.605,10.0,0.0,ST_6,2019
278,58.34161,11.89872,39.486897,14.6248,14.6248,3.333839,3.333839,10.599,10.599,1.1307,1.1307,0.436,0.2402,1.0975807,26.6797,66.786,10.5,0.0,ST_6,2019
279,58.34162,11.89872,39.486912,14.4733,14.4733,3.340182,3.340182,11.103,11.103,1.0519,1.0519,0.414,0.1928,1.1742807,26.8401,56.716,11.0,0.0,ST_6,2019
280,58.34162,11.89872,39.486926,14.1845,14.1845,3.35305,3.35305,11.608,11.608,0.9872,0.9872,0.394,0.2165,1.1367817,27.156,51.718,11.5,0.0,ST_6,2019
281,58.34161,11.89872,39.48694,14.1468,14.1468,3.38087,3.38087,12.113,12.113,0.938,0.938,0.429,0.2079,1.0024723,27.4321,46.828,12.0,0.0,ST_6,2019
282,58.3416,11.89872,39.486952,13.7705,13.7705,3.388649,3.388649,12.618,12.618,0.8975,0.8975,0.47,0.1959,0.8985961,27.7719,42.984,12.5,0.0,ST_6,2019
283,58.3416,11.89872,39.486964,13.6515,13.6515,3.41911,3.41911,13.123,13.123,0.8693,0.8693,0.466,0.1859,0.8976912,28.1351,41.473,13.0,0.0,ST_6,2019
284,58.3416,11.89872,39.486978,13.2048,13.2048,3.40908,3.40908,13.627,13.627,0.8406,0.8406,0.451,0.1917,1.0166363,28.3735,39.434,13.5,0.0,ST_6,2019
285,58.3416,11.89872,39.486992,12.7529,12.7529,3.391045,3.391045,14.132,14.132,0.8137,0.8137,0.429,0.1715,1.0801834,28.545,36.026,14.0,0.0,ST_6,2019
286,58.3416,11.89872,39.487006,12.5316,12.5316,3.381651,3.381651,14.637,14.637,0.7903,0.7903,0.399,0.1753,0.9347978,28.6245,34.545,14.5,0.0,ST_6,2019
287,58.3416,11.8987,39.487021,12.2915,12.2915,3.372182,3.372182,15.141,15.141,0.7661,0.7661,0.4,0.1835,0.8972615,28.7184,30.882,15.0,0.0,ST_6,2019
288,58.3416,11.8987,39.487034,11.8687,11.8687,3.350749,3.350749,15.646,15.646,0.7484,0.7484,0.435,0.1734,0.8985627,28.8403,29.229,15.5,0.0,ST_6,2019
289,58.3416,11.8987,39.487046,11.5184,11.5184,3.330929,3.330929,16.151,16.151,0.735,0.735,0.457,0.1945,0.9486894,28.9226,28.771,16.0,0.0,ST_6,2019
290,58.34161,11.8987,39.487058,10.8263,10.8263,3.294268,3.294268,16.656,16.656,0.721,0.721,0.477,0.1824,0.8987425,29.1115,27.089,16.5,0.0,ST_6,2019
291,58.34162,11.8987,39.487071,10.1983,10.1983,3.261367,3.261367,17.16,17.16,0.7054,0.7054,0.467,0.1875,0.8596857,29.2897,24.727,17.0,0.0,ST_6,2019
292,58.34162,11.8987,39.487085,9.5687,9.5687,3.241538,3.241538,17.665,17.665,0.6871,0.6871,0.437,0.2293,0.937467,29.6047,21.898,17.5,0.0,ST_6,2019
293,58.34162,11.8987,39.487099,8.9945,8.9945,3.234411,3.234411,18.17,18.17,0.6651,0.6651,0.409,0.3555,1.1117374,30.0107,17.859,18.0,0.0,ST_6,2019
294,58.34162,11.8987,39.487114,8.4167,8.4167,3.255839,3.255839,18.674,18.674,0.64,0.64,0.403,0.8614,1.1903049,30.7265,13.2,18.5,0.0,ST_6,2019
295,58.34162,11.8987,39.487127,8.2484,8.2484,3.282385,3.282385,19.179,19.179,0.6185,0.6185,0.428,1.5687,1.2988632,31.1533,9.635,19.0,0.0,ST_6,2019
296,58.34162,11.8987,39.48714,8.1977,8.1977,3.304554,3.304554,19.684,19.684,0.6037,0.6037,0.454,2.0005,1.4170385,31.4315,9.011,19.5,0.0,ST_6,2019
297,58.34162,11.8987,39.487152,8.1866,8.1866,3.318654,3.318654,20.188,20.188,0.593,0.593,0.477,2.362,1.5361253,31.5899,9.039,20.0,0.0,ST_6,2019
298,58.34162,11.8987,39.487165,8.2116,8.2116,3.332522,3.332522,20.693,20.693,0.5842,0.5842,0.465,2.6742,1.6394479,31.7135,8.733,20.5,0.0,ST_6,2019
299,58.3416,11.8987,39.487178,8.2347,8.2347,3.337616,3.337616,21.198,21.198,0.576,0.576,0.451,2.972,1.6305137,31.7461,7.881,21.0,0.0,ST_6,2019
300,58.3416,11.8987,39.487191,8.2814,8.2814,3.345686,3.345686,21.703,21.703,0.5686,0.5686,0.433,3.2014,1.7534975,31.7888,7.167,21.5,0.0,ST_6,2019
301,58.3416,11.8987,39.487205,8.3489,8.3489,3.35536,3.35536,22.208,22.208,0.5615,0.5615,0.419,3.0898,1.8391151,31.8294,6.32,22.0,0.0,ST_6,2019
302,58.3416,11.8987,39.487219,8.3831,8.3831,3.361538,3.361538,22.712,22.712,0.5559,0.5559,0.418,3.154,1.9444437,31.8632,5.823,22.5,0.0,ST_6,2019
303,58.3416,11.8987,39.487233,8.4354,8.4354,3.369548,3.369548,23.217,23.217,0.5515,0.5515,0.419,3.3641,2.0762223,31.8997,5.537,23.0,0.0,ST_6,2019
304,58.3416,11.8987,39.487248,8.4884,8.4884,3.377418,3.377418,23.722,23.722,0.5476,0.5476,0.403,3.5184,2.1743017,31.9341,5.255,23.5,0.0,ST_6,2019
305,58.3416,11.8987,39.487263,8.5363,8.5363,3.384589,3.384589,24.227,24.227,0.5442,0.5442,0.397,3.3456,2.1512502,31.9658,4.942,24.0,0.0,ST_6,2019
306,58.3416,11.8987,39.487278,8.5851,8.5851,3.391516,3.391516,24.731,24.731,0.5412,0.5412,0.394,2.8936,1.9023737,31.9938,4.558,24.5,0.0,ST_6,2019
307,58.3416,11.8987,39.487294,8.6424,8.6424,3.399803,3.399803,25.236,25.236,0.5387,0.5387,0.373,1.9749,1.5966265,32.0284,4.378,25.0,0.0,ST_6,2019
308,58.3416,11.89869,39.48735,8.608,8.608,3.380551,3.380551,25.741,25.741,0.5321,0.5321,-0.119,1.3445,1.3630983,31.858,3.76,25.5,0.0,ST_6,2019
